1.890000000000000000e+02 3.220000000000000000e+02
5.620000000000000000e+02 3.220000000000000000e+02
1.890000000000000000e+02 3.050000000000000000e+02
2.110000000000000000e+02 3.270000000000000000e+02
1.720000000000000000e+02 3.270000000000000000e+02
2.460000000000000000e+02 3.220000000000000000e+02
1.570000000000000000e+02 2.990000000000000000e+02
1.590000000000000000e+02 3.270000000000000000e+02
2.540000000000000000e+02 2.260000000000000000e+02
1.700000000000000000e+02 2.980000000000000000e+02
2.160000000000000000e+02 2.980000000000000000e+02
5.550000000000000000e+02 2.280000000000000000e+02
2.190000000000000000e+02 1.830000000000000000e+02
2.730000000000000000e+02 2.260000000000000000e+02
3.730000000000000000e+02 1.630000000000000000e+02
2.020000000000000000e+02 2.980000000000000000e+02
4.110000000000000000e+02 2.810000000000000000e+02
2.860000000000000000e+02 2.850000000000000000e+02
5.360000000000000000e+02 2.280000000000000000e+02
3.690000000000000000e+02 2.830000000000000000e+02
5.290000000000000000e+02 2.850000000000000000e+02
3.420000000000000000e+02 1.650000000000000000e+02
3.430000000000000000e+02 2.830000000000000000e+02
2.480000000000000000e+02 2.840000000000000000e+02
3.120000000000000000e+02 2.830000000000000000e+02
5.640000000000000000e+02 2.860000000000000000e+02
1.760000000000000000e+02 2.610000000000000000e+02
2.420000000000000000e+02 1.640000000000000000e+02
4.740000000000000000e+02 2.790000000000000000e+02
3.110000000000000000e+02 1.650000000000000000e+02
2.840000000000000000e+02 1.640000000000000000e+02
5.220000000000000000e+02 1.660000000000000000e+02
4.600000000000000000e+02 2.280000000000000000e+02
4.320000000000000000e+02 2.850000000000000000e+02
5.660000000000000000e+02 1.660000000000000000e+02
3.800000000000000000e+02 2.700000000000000000e+02
4.300000000000000000e+02 1.660000000000000000e+02
4.430000000000000000e+02 2.720000000000000000e+02
3.260000000000000000e+02 1.360000000000000000e+02
5.300000000000000000e+02 1.660000000000000000e+02
4.730000000000000000e+02 1.660000000000000000e+02
4.730000000000000000e+02 1.740000000000000000e+02
4.200000000000000000e+02 3.150000000000000000e+02
2.640000000000000000e+02 2.000000000000000000e+02
2.830000000000000000e+02 1.100000000000000000e+02
5.450000000000000000e+02 2.020000000000000000e+02
3.850000000000000000e+02 1.100000000000000000e+02
4.430000000000000000e+02 2.160000000000000000e+02
4.430000000000000000e+02 2.340000000000000000e+02
2.040000000000000000e+02 1.350000000000000000e+02
4.170000000000000000e+02 3.280000000000000000e+02
4.040000000000000000e+02 1.360000000000000000e+02
2.180000000000000000e+02 1.200000000000000000e+02
3.360000000000000000e+02 2.700000000000000000e+02
3.460000000000000000e+02 1.360000000000000000e+02
3.190000000000000000e+02 2.700000000000000000e+02
3.060000000000000000e+02 1.100000000000000000e+02
1.820000000000000000e+02 1.350000000000000000e+02
2.810000000000000000e+02 1.260000000000000000e+02
2.310000000000000000e+02 1.260000000000000000e+02
3.590000000000000000e+02 1.220000000000000000e+02
5.730000000000000000e+02 1.240000000000000000e+02
4.260000000000000000e+02 1.370000000000000000e+02
4.420000000000000000e+02 1.790000000000000000e+02
3.020000000000000000e+02 1.260000000000000000e+02
3.710000000000000000e+02 1.280000000000000000e+02
3.350000000000000000e+02 1.780000000000000000e+02
3.720000000000000000e+02 1.100000000000000000e+02
1.630000000000000000e+02 1.350000000000000000e+02
3.180000000000000000e+02 1.780000000000000000e+02
2.650000000000000000e+02 1.260000000000000000e+02
2.680000000000000000e+02 1.090000000000000000e+02
2.480000000000000000e+02 1.290000000000000000e+02
3.530000000000000000e+02 3.280000000000000000e+02
6.280000000000000000e+02 1.250000000000000000e+02
6.170000000000000000e+02 1.190000000000000000e+02
3.320000000000000000e+02 3.180000000000000000e+02
2.720000000000000000e+02 3.110000000000000000e+02
2.750000000000000000e+02 3.290000000000000000e+02
5.370000000000000000e+02 3.290000000000000000e+02
4.620000000000000000e+02 3.180000000000000000e+02
6.110000000000000000e+02 1.050000000000000000e+02
1.400000000000000000e+02 1.450000000000000000e+02
5.450000000000000000e+02 2.450000000000000000e+02
2.550000000000000000e+02 1.020000000000000000e+02
2.640000000000000000e+02 2.440000000000000000e+02
5.740000000000000000e+02 1.110000000000000000e+02
5.200000000000000000e+02 3.190000000000000000e+02
4.330000000000000000e+02 1.030000000000000000e+02
6.020000000000000000e+02 1.060000000000000000e+02
3.020000000000000000e+02 3.190000000000000000e+02
6.000000000000000000e+02 2.710000000000000000e+02
4.320000000000000000e+02 3.290000000000000000e+02
2.870000000000000000e+02 3.190000000000000000e+02
5.380000000000000000e+02 3.210000000000000000e+02
1.900000000000000000e+02 2.100000000000000000e+02
3.230000000000000000e+02 1.060000000000000000e+02
4.420000000000000000e+02 3.180000000000000000e+02
3.970000000000000000e+02 3.300000000000000000e+02
3.990000000000000000e+02 1.030000000000000000e+02
3.320000000000000000e+02 1.020000000000000000e+02
1.980000000000000000e+02 1.010000000000000000e+02
4.960000000000000000e+02 3.300000000000000000e+02
4.920000000000000000e+02 1.110000000000000000e+02
1.590000000000000000e+02 1.000000000000000000e+02
3.130000000000000000e+02 3.300000000000000000e+02
5.990000000000000000e+02 1.830000000000000000e+02
2.080000000000000000e+02 2.340000000000000000e+02
3.530000000000000000e+02 1.020000000000000000e+02
5.060000000000000000e+02 3.190000000000000000e+02
5.050000000000000000e+02 3.310000000000000000e+02
3.730000000000000000e+02 3.180000000000000000e+02
5.540000000000000000e+02 1.000000000000000000e+02
3.710000000000000000e+02 3.300000000000000000e+02
1.930000000000000000e+02 2.680000000000000000e+02
1.790000000000000000e+02 1.010000000000000000e+02
3.940000000000000000e+02 3.180000000000000000e+02
3.260000000000000000e+02 3.300000000000000000e+02
1.900000000000000000e+02 1.780000000000000000e+02
2.130000000000000000e+02 1.010000000000000000e+02
2.060000000000000000e+02 2.670000000000000000e+02
2.460000000000000000e+02 9.800000000000000000e+01
4.130000000000000000e+02 1.020000000000000000e+02
4.580000000000000000e+02 3.300000000000000000e+02
5.640000000000000000e+02 9.900000000000000000e+01
5.460000000000000000e+02 1.060000000000000000e+02
6.670000000000000000e+02 1.480000000000000000e+02
2.920000000000000000e+02 1.370000000000000000e+02
6.150000000000000000e+02 2.710000000000000000e+02
4.910000000000000000e+02 3.130000000000000000e+02
2.050000000000000000e+02 1.760000000000000000e+02
4.540000000000000000e+02 1.380000000000000000e+02
5.030000000000000000e+02 1.390000000000000000e+02
4.760000000000000000e+02 1.380000000000000000e+02
4.740000000000000000e+02 3.340000000000000000e+02
3.440000000000000000e+02 1.130000000000000000e+02
6.160000000000000000e+02 1.840000000000000000e+02
6.750000000000000000e+02 3.430000000000000000e+02
1.370000000000000000e+02 3.500000000000000000e+02
5.160000000000000000e+02 1.100000000000000000e+02
2.740000000000000000e+02 1.370000000000000000e+02
1.670000000000000000e+02 1.120000000000000000e+02
1.850000000000000000e+02 1.120000000000000000e+02
5.560000000000000000e+02 1.230000000000000000e+02
1.370000000000000000e+02 8.800000000000000000e+01
5.910000000000000000e+02 3.090000000000000000e+02
6.040000000000000000e+02 3.110000000000000000e+02
6.140000000000000000e+02 3.220000000000000000e+02
6.220000000000000000e+02 2.830000000000000000e+02
6.290000000000000000e+02 3.050000000000000000e+02
2.180000000000000000e+02 2.280000000000000000e+02
6.110000000000000000e+02 3.100000000000000000e+02
6.050000000000000000e+02 3.260000000000000000e+02
2.110000000000000000e+02 1.640000000000000000e+02
5.210000000000000000e+02 1.310000000000000000e+02
5.910000000000000000e+02 1.710000000000000000e+02
5.950000000000000000e+02 3.270000000000000000e+02
5.990000000000000000e+02 2.860000000000000000e+02
5.410000000000000000e+02 1.220000000000000000e+02
6.140000000000000000e+02 1.660000000000000000e+02
4.740000000000000000e+02 1.170000000000000000e+02
6.600000000000000000e+02 8.700000000000000000e+01
1.870000000000000000e+02 1.630000000000000000e+02
1.890000000000000000e+02 2.260000000000000000e+02
2.170000000000000000e+02 2.750000000000000000e+02
2.080000000000000000e+02 2.820000000000000000e+02
6.540000000000000000e+02 1.290000000000000000e+02
6.130000000000000000e+02 1.340000000000000000e+02
6.290000000000000000e+02 1.810000000000000000e+02
1.810000000000000000e+02 2.200000000000000000e+02
6.350000000000000000e+02 3.270000000000000000e+02
1.890000000000000000e+02 2.820000000000000000e+02
1.800000000000000000e+02 2.750000000000000000e+02
5.850000000000000000e+02 1.810000000000000000e+02
1.750000000000000000e+02 1.770000000000000000e+02
5.090000000000000000e+02 1.250000000000000000e+02
6.440000000000000000e+02 3.260000000000000000e+02
5.980000000000000000e+02 1.330000000000000000e+02
6.730000000000000000e+02 1.040000000000000000e+02
1.300000000000000000e+02 3.370000000000000000e+02
5.310000000000000000e+02 1.140000000000000000e+02
6.450000000000000000e+02 3.120000000000000000e+02
6.490000000000000000e+02 1.420000000000000000e+02
5.770000000000000000e+02 2.970000000000000000e+02
4.460000000000000000e+02 1.260000000000000000e+02
1.270000000000000000e+02 1.060000000000000000e+02
2.700000000000000000e+01 4.450000000000000000e+02
8.500000000000000000e+01 4.480000000000000000e+02
4.590000000000000000e+02 1.080000000000000000e+02
3.700000000000000000e+01 4.440000000000000000e+02
1.990000000000000000e+02 1.170000000000000000e+02
1.480000000000000000e+02 4.510000000000000000e+02
1.010000000000000000e+02 4.480000000000000000e+02
6.800000000000000000e+01 4.470000000000000000e+02
1.280000000000000000e+02 4.560000000000000000e+02
1.760000000000000000e+02 4.530000000000000000e+02
6.530000000000000000e+02 2.950000000000000000e+02
5.590000000000000000e+02 4.440000000000000000e+02
1.000000000000000000e+01 4.560000000000000000e+02
6.540000000000000000e+02 3.370000000000000000e+02
